# omega[MeV] dsigma/dOmega/dOmega0[nb/GeV/sr] err  (12C e,e inclusive, E=2.020 GeV theta=15.022 deg; NUISANCE data/Electron/12C.dat)
75.000 27980.000 482.000
90.000 37590.000 562.000
105.000 50770.000 1169.000
120.000 56920.000 1224.000
135.000 64680.000 988.600
150.000 67040.000 1000.000
165.000 67860.000 1470.000
180.000 64310.000 1374.000
195.000 57740.000 1265.000
210.000 53760.000 975.800
225.000 48690.000 933.600
240.000 40050.000 1244.000
255.000 34220.000 1140.000
270.000 29530.000 1043.000
285.000 28320.000 739.300
300.000 28960.000 1041.000
315.000 26140.000 979.300
330.000 29150.000 1034.000
345.000 29440.000 1075.000
360.000 27920.000 1071.000
